0 0.0892811
1 -0.157498
2 -0.11282
3 0.14269
4 0.200252
5 -0.0205087
6 -0.25463
7 -0.268174
8 -0.0505002
9 0.267775
10 0.559522
11 0.766657
12 0.889422
13 0.952543
14 0.981372
15 0.993259
16 0.997735
17 0.99929
18 0.999791
19 0.999942
20 0.999985
21 0.999996
22 0.999999
23 1
24 1
25 1
26 1
27 1
28 1
29 1
30 1
31 0.999991
32 1.00003
33 0.999882
34 1.00039
35 0.998821
36 1.00333
37 0.991371
38 1.02034
39 0.956973
40 1.08009
41 0.872604
42 1.16446
43 0.846605
44 1.06332
45 1.07777
46 0.843713
47 1.06332
48 1.1217
49 0.867065
50 0.910538
51 1.15647
52 1.113
53 0.858371
54 0.799991
55 1.01959
56 1.25366
57 1.26811
58 1.0514
59 0.733549
60 0.441694
61 0.234207
62 0.111091
63 0.0477206
64 0.0187485
65 0.00679129
66 0.00228331
67 0.000716556
68 0.000210909
69 5.84663e-05
70 1.53201e-05
71 3.8067e-06
72 8.99503e-07
73 2.02689e-07
74 4.33912e-08
75 1.02066e-08
76 -4.2585e-09
77 2.91076e-08
78 -1.30996e-07
79 5.69384e-07
80 -2.35283e-06
81 9.2206e-06
82 -3.41534e-05
83 0.000119104
84 -0.000389285
85 0.00118611
86 -0.00334718
87 0.0086786
88 -0.0204641
89 0.043291
90 -0.0806027
91 0.128261
92 -0.165675
93 0.154719
94 -0.064219
95 -0.077835
96 0.157262
97 -0.064231
98 -0.121938
99 0.133996
100 0.0892811

