0 -0.11298
1 0.0550188
2 0.121434
3 -0.0398532
4 -0.138499
5 -0.0068714
6 0.144384
7 0.0884389
8 -0.0963214
9 -0.16973
10 -0.0437749
11 0.142963
12 0.203798
13 0.0840568
14 -0.120443
15 -0.266601
16 -0.266806
17 -0.121019
18 0.112451
19 0.363601
20 0.582373
21 0.746773
22 0.857507
23 0.924086
24 0.963992
25 0.979322
26 0.998843
27 0.983416
28 1.02343
29 0.956672
30 1.06763
31 0.903005
32 1.12191
33 0.870836
34 1.10394
35 0.958764
36 0.957953
37 1.10435
38 0.900206
39 1.0192
40 1.08055
41 0.89407
42 1.0192
43 1.09307
44 0.908844
45 0.963929
46 1.1151
47 0.984428
48 0.885527
49 1.04587
50 1.1127
51 0.945677
52 0.878844
53 1.03918
54 1.13809
55 1.00742
56 0.856246
57 0.911331
58 1.09555
59 1.16942
60 1.0443
61 0.857813
62 0.796457
63 0.915448
64 1.11959
65 1.26599
66 1.2668
67 1.12162
68 0.88852
69 0.637446
70 0.418538
71 0.253915
72 0.142953
73 0.0761987
74 0.0361575
75 0.0207793
76 0.00115735
77 0.0166865
78 -0.0235846
79 0.0436143
80 -0.068089
81 0.0976824
82 -0.122823
83 0.130209
84 -0.104913
85 0.0418408
86 0.0420509
87 -0.104961
88 0.100645
89 -0.019692
90 -0.0808081
91 0.106707
92 -0.0197176
93 -0.0933729
94 0.0919238
95 0.0358407
96 -0.115729
97 0.0161157
98 0.114885
99 -0.0465366
100 -0.11298

