0 0.101554
1 0.014332
2 -0.104554
3 -0.0252818
4 0.104141
5 0.0507742
6 -0.0928409
7 -0.0873712
8 0.0584245
9 0.120908
10 0.00869273
11 -0.121621
12 -0.0951097
13 0.0519196
14 0.14883
15 0.0738492
16 -0.0692525
17 -0.182446
18 -0.0787676
19 0.0125433
20 0.243687
21 0.104066
22 0.166581
23 -0.224709
24 -0.145296
25 -0.350115
26 -0.181044
27 0.0245755
28 0.103997
29 0.495059
30 0.557983
31 0.696915
32 0.92801
33 0.836959
34 0.939904
35 1.0533
36 0.910528
37 0.984813
38 1.08194
39 0.935413
40 0.961276
41 1.09151
42 0.980023
43 0.917197
44 1.06241
45 1.05756
46 0.914321
47 0.966931
48 1.09614
49 1.01769
50 0.898941
51 0.985309
52 1.10406
53 1.02561
54 0.896396
55 0.949006
56 1.09224
57 1.08739
58 0.94218
59 0.879354
60 0.990841
61 1.12108
62 1.09521
63 0.948705
64 0.851544
65 0.925901
66 1.06855
67 1.18218
68 1.07885
69 0.988399
70 0.756423
71 0.896554
72 0.832136
73 1.22487
74 1.14383
75 1.3507
76 1.18104
77 0.97601
78 0.897468
79 0.505101
80 0.4433
81 0.303705
82 0.07188
83 0.163982
84 0.0600146
85 -0.0535742
86 0.0901791
87 0.0149368
88 -0.0823117
89 0.0652115
90 0.0386232
91 -0.0920515
92 0.020442
93 0.083065
94 -0.0630137
95 -0.0575365
96 0.0862763
97 0.0328503
98 -0.0966812
99 -0.0173644
100 0.101554

