0 -0.0655915
1 -0.0590324
2 0.0685504
3 0.0641113
4 -0.0575384
5 -0.0842329
6 0.0551217
7 0.0760964
8 0.0110748
9 -0.141793
10 0.0286793
11 0.0174737
12 0.168364
13 -0.15055
14 -0.0141298
15 -0.102893
16 0.138076
17 0.112743
18 -0.0720321
19 -0.0388556
20 -0.172767
21 0.0595502
22 0.16557
23 0.0421891
24 0.0641816
25 -0.153932
26 -0.206239
27 0.0123639
28 0.0350275
29 0.157726
30 0.263406
31 0.0310876
32 -0.103581
33 -0.136634
34 -0.320586
35 -0.295339
36 -0.0541579
37 0.0354638
38 0.171709
39 0.490124
40 0.641459
41 0.652713
42 0.822376
43 0.97521
44 0.910745
45 0.889394
46 1.02812
47 1.05523
48 0.934088
49 0.937989
50 1.06507
51 1.05907
52 0.93197
53 0.935897
54 1.05699
55 1.0842
56 0.945322
57 0.924219
58 0.988294
59 1.14171
60 0.971227
61 0.983568
62 0.830889
63 1.15082
64 1.01304
65 1.10398
66 0.861944
67 0.887408
68 1.07181
69 1.03783
70 1.17352
71 0.940548
72 0.834863
73 0.958178
74 0.934689
75 1.1538
76 1.20624
77 0.987499
78 0.966102
79 0.84264
80 0.736161
81 0.969011
82 1.10283
83 1.13561
84 1.3208
85 1.29549
86 1.05414
87 0.965629
88 0.829378
89 0.510146
90 0.359287
91 0.34833
92 0.177719
93 0.0247072
94 0.0898862
95 0.110922
96 -0.0285605
97 -0.0552692
98 0.0664577
99 0.0620185
100 -0.0655915

