0 0.470323
1 0.283144
2 0.244565
3 -0.0554252
4 0.178001
5 0.047397
6 0.0794214
7 -0.0845654
8 -0.046259
9 0.148409
10 -0.0229018
11 1.73214e-05
12 -0.0979583
13 -0.00611657
14 0.163753
15 -0.0420786
16 -0.0566174
17 -0.0473326
18 -0.0347544
19 0.162942
20 0.0386373
21 -0.126737
22 -0.0378732
23 -0.0409019
24 0.0526086
25 0.177458
26 -0.0198609
27 -0.145175
28 -0.0513667
29 -0.0473709
30 0.0412643
31 0.2061
32 0.0818752
33 -0.116256
34 -0.104005
35 -0.112423
36 -0.126395
37 0.0790324
38 0.24891
39 0.157225
40 0.0584571
41 0.0349404
42 -0.13585
43 -0.330115
44 -0.292144
45 -0.127767
46 -0.0949539
47 0.0359224
48 0.268458
49 0.569024
50 0.530331
51 0.718099
52 0.75478
53 1.05618
54 0.821802
55 0.953738
56 0.919765
57 1.08452
58 1.04661
59 0.851647
60 1.02338
61 0.998937
62 1.09822
63 1.00662
64 0.836113
65 1.04235
66 1.05578
67 1.04734
68 1.03563
69 0.836824
70 0.961375
71 1.12645
72 1.03723
73 1.04166
74 0.94793
75 0.82213
76 1.01986
77 1.14477
78 1.05083
79 1.04813
80 0.959379
81 0.793615
82 0.918112
83 1.11602
84 1.10313
85 1.11243
86 1.12724
87 0.921242
88 0.751222
89 0.843276
90 0.941286
91 0.964014
92 1.13537
93 1.33017
94 1.2918
95 1.12772
96 1.09577
97 0.965212
98 0.73174
99 0.431729
100 0.470323

