0 0.923046
1 1.10735
2 1.1523
3 1.35277
4 1.32779
5 1.0399
6 1.05577
7 0.905721
8 0.723508
9 0.544359
10 0.263154
11 0.324214
12 0.305941
13 0.0636105
14 0.0438257
15 0.020217
16 0.0368619
17 0.147695
18 -0.019622
19 -0.135441
20 0.0313201
21 0.0645308
22 0.0311843
23 0.0436211
24 -0.0962178
25 -0.11698
26 0.0982672
27 0.119288
28 -0.021096
29 -0.0341743
30 -0.0668625
31 -0.0994192
32 0.0669834
33 0.182697
34 0.0153318
35 -0.096023
36 -0.0795776
37 -0.0548123
38 -0.074578
39 0.167624
40 0.148558
41 0.0884342
42 -0.194357
43 -0.0142083
44 -0.197008
45 -0.0448746
46 -0.0306296
47 0.257869
48 0.23272
49 0.0319365
50 0.0767507
51 -0.108883
52 -0.152102
53 -0.352828
54 -0.328028
55 -0.0395132
56 -0.0556031
57 0.0957541
58 0.27719
59 0.455523
60 0.737849
61 0.676342
62 0.694573
63 0.936749
64 0.955558
65 0.980229
66 0.96393
67 0.851926
68 1.0195
69 1.13538
70 0.968474
71 0.936186
72 0.969037
73 0.955527
74 1.09613
75 1.11735
76 0.901734
77 0.881087
78 1.02118
79 1.03332
80 1.06664
81 1.10014
82 0.933222
83 0.817237
84 0.984787
85 1.09564
86 1.07879
87 1.05526
88 1.07519
89 0.832734
90 0.850926
91 0.912123
92 1.19335
93 1.01409
94 1.19631
95 1.04635
96 1.03046
97 0.742521
98 0.767515
99 0.968004
100 0.923046

