0 0.838737
1 1.16198
2 1.177
3 1.08675
4 1.08421
5 0.952505
6 0.928906
7 0.817589
8 0.698183
9 0.960654
10 1.13941
11 1.11642
12 1.22404
13 1.25963
14 1.24516
15 1.24098
16 0.966774
17 0.707894
18 0.723982
19 0.614627
20 0.366407
21 0.257798
22 0.148839
23 0.0927769
24 0.185439
25 0.150235
26 -0.0884698
27 -0.0531221
28 0.0397992
29 0.0968054
30 -0.0134943
31 0.0953528
32 -0.153289
33 -0.0423446
34 -0.0277584
35 0.23258
36 -0.0429339
37 -0.0384364
38 -0.053555
39 -0.0881712
40 0.0202525
41 0.0417598
42 0.221277
43 -0.0419303
44 -0.161112
45 -0.0498615
46 -0.0734748
47 0.0598323
48 0.0560777
49 0.145824
50 0.161244
51 -0.162535
52 -0.176984
53 -0.0871637
54 -0.0843294
55 0.0488248
56 0.0714081
57 0.182126
58 0.301972
59 0.0389334
60 -0.139651
61 -0.116872
62 -0.22514
63 -0.259429
64 -0.244323
65 -0.241017
66 0.0335711
67 0.292903
68 0.276614
69 0.386442
70 0.634263
71 0.741869
72 0.851485
73 0.90824
74 0.814672
75 0.84966
76 1.08847
77 1.05302
78 0.96009
79 0.904211
80 1.01317
81 0.904312
82 1.15262
83 1.04342
84 1.02716
85 0.768215
86 1.04259
87 1.0384
88 1.05272
89 1.08837
90 0.980852
91 0.957784
92 0.778967
93 1.04152
94 1.16096
95 1.04958
96 1.07316
97 0.941495
98 0.944037
99 0.853761
100 0.838737

