0 0.905607
1 0.914264
2 1.00418
3 1.05944
4 1.20178
5 1.08584
6 0.826439
7 0.890539
8 0.959602
9 0.910534
10 1.02196
11 1.12552
12 1.15378
13 1.19105
14 0.98441
15 0.77656
16 0.837851
17 0.936226
18 0.805921
19 0.955079
20 1.05833
21 1.26752
22 1.25539
23 1.39895
24 1.03741
25 1.10435
26 1.00554
27 0.94107
28 0.579655
29 0.437047
30 0.426819
31 0.218285
32 0.322474
33 0.172253
34 0.043325
35 -0.054818
36 0.00622561
37 0.215213
38 0.00775231
39 -0.0295245
40 -0.00161678
41 -0.104797
42 0.00794115
43 0.0557394
44 0.124681
45 0.0610771
46 -0.199093
47 -0.0826468
48 0.0598622
49 0.0048282
50 0.0952342
51 0.085115
52 -0.00501856
53 -0.0590988
54 -0.20188
55 -0.0858959
56 0.174091
57 0.109662
58 0.040723
59 0.0893191
60 -0.0231276
61 -0.125729
62 -0.153186
63 -0.191152
64 0.0156323
65 0.224187
66 0.162366
67 0.0641208
68 0.193783
69 0.0441373
70 -0.0592928
71 -0.266766
72 -0.256169
73 -0.398976
74 -0.0377801
75 -0.103016
76 -0.00554006
77 0.0602602
78 0.420717
79 0.562924
80 0.573957
81 0.782468
82 0.67849
83 0.826961
84 0.956971
85 1.05516
86 0.993558
87 0.785533
88 0.992205
89 1.02942
90 1.00102
91 1.10459
92 0.993223
93 0.944113
94 0.874993
95 0.939125
96 1.19856
97 1.0826
98 0.940237
99 0.995512
100 0.905607

