0 1.0089
1 0.859584
2 0.962494
3 1.0149
4 0.930417
5 1.09647
6 1.15426
7 1.00631
8 0.855991
9 0.911723
10 0.883692
11 1.1577
12 1.06679
13 1.08222
14 0.971367
15 1.13798
16 0.789345
17 0.828877
18 0.924683
19 1.0631
20 1.17218
21 1.12592
22 1.1352
23 0.918318
24 1.03968
25 0.927116
26 0.685627
27 0.798069
28 0.918103
29 1.13529
30 1.14265
31 1.18775
32 1.2978
33 1.1596
34 1.25649
35 1.21729
36 0.869671
37 0.705104
38 0.59469
39 0.580979
40 0.491501
41 0.216876
42 0.189583
43 0.134778
44 -0.0150036
45 0.133589
46 0.190557
47 0.0244949
48 -0.0591133
49 -0.112233
50 -0.00911796
51 0.141305
52 0.0377225
53 -0.0152663
54 0.0691778
55 -0.0968679
56 -0.154002
57 -0.00550355
58 0.143554
59 0.0885335
60 0.116456
61 -0.157844
62 -0.0680754
63 -0.0814544
64 0.0284232
65 -0.136926
66 0.210521
67 0.171261
68 0.0745357
69 -0.0628289
70 -0.172218
71 -0.127132
72 -0.134651
73 0.0821078
74 -0.0388448
75 0.0729286
76 0.314373
77 0.201976
78 0.0810666
79 -0.13486
80 -0.143201
81 -0.188955
82 -0.29776
83 -0.159328
84 -0.255705
85 -0.217155
86 0.130459
87 0.29595
88 0.405519
89 0.419785
90 0.509788
91 0.782977
92 0.810268
93 0.865479
94 1.01546
95 0.867214
96 0.809182
97 0.975108
98 1.05952
99 1.11187
100 1.0089

