0 0.653438
1 0.943963
2 0.695696
3 0.825995
4 0.802725
5 0.964635
6 0.897993
7 1.10371
8 0.999397
9 1.01495
10 0.972302
11 0.776621
12 0.998063
13 1.11586
14 1.16569
15 0.951259
16 0.958925
17 1.00747
18 0.837844
19 0.988564
20 1.00236
21 1.06533
22 1.19961
23 1.07451
24 0.937389
25 0.768975
26 0.896801
27 1.06514
28 0.926292
29 1.051
30 1.18521
31 1.12298
32 1.13781
33 0.98653
34 0.818022
35 0.770714
36 0.777359
37 0.991345
38 1.04032
39 0.921031
40 1.14226
41 1.33764
42 1.29515
43 1.28022
44 1.17558
45 0.971053
46 0.907004
47 0.745708
48 0.723049
49 0.594115
50 0.346491
51 0.0566006
52 0.304375
53 0.174887
54 0.197189
55 0.0364001
56 0.100714
57 -0.103749
58 0.00106264
59 -0.0143369
60 0.0275643
61 0.223178
62 0.00233754
63 -0.116751
64 -0.165365
65 0.0485304
66 0.0411658
67 -0.0065125
68 0.162132
69 0.0110343
70 -0.00333488
71 -0.064966
72 -0.199215
73 -0.0750691
74 0.0633212
75 0.23128
76 0.103197
77 -0.0648836
78 0.0729981
79 -0.0515572
80 -0.185602
81 -0.12261
82 -0.136829
83 0.0130669
84 0.182003
85 0.230248
86 0.22255
87 0.00844253
88 -0.0406395
89 0.0780732
90 -0.142658
91 -0.337833
92 -0.295019
93 -0.279607
94 -0.176042
95 0.0289019
96 0.0942882
97 0.25533
98 0.277036
99 0.406767
100 0.653438

