0 -0.299374
1 -0.436638
2 -0.157564
3 -0.183003
4 -0.0663777
5 -0.0926526
6 4.92185e-05
7 0.233167
8 0.413528
9 0.596589
10 0.574257
11 0.789109
12 0.788009
13 0.635988
14 0.899114
15 1.03671
16 1.06401
17 0.994506
18 0.870148
19 0.924655
20 0.915938
21 1.03315
22 1.10313
23 0.968009
24 1.09796
25 1.09171
26 0.824792
27 0.831281
28 0.960132
29 1.0952
30 1.16512
31 1.04677
32 1.03927
33 0.986357
34 0.861839
35 0.931124
36 0.957765
37 0.819452
38 1.08265
39 1.23382
40 1.23275
41 1.01891
42 0.99675
43 0.814453
44 0.996457
45 0.762808
46 0.854084
47 0.880194
48 0.996055
49 1.02104
50 1.2994
51 1.43585
52 1.15754
53 1.18301
54 1.06707
55 1.0926
56 1.00129
57 0.767821
58 0.585903
59 0.403981
60 0.426226
61 0.211811
62 0.212574
63 0.36396
64 0.100947
65 -0.0370873
66 -0.063423
67 0.00555686
68 0.129468
69 0.0764285
70 0.0841449
71 -0.0339559
72 -0.103457
73 0.0318765
74 -0.0973394
75 -0.0914461
76 0.175209
77 0.168979
78 0.039245
79 -0.0953128
80 -0.164791
81 -0.0475748
82 -0.0393541
83 0.014728
84 0.138543
85 0.0689384
86 0.0416485
87 0.180165
88 -0.0827137
89 -0.233865
90 -0.233333
91 -0.0179948
92 0.00276879
93 0.186118
94 0.00411157
95 0.238179
96 0.144579
97 0.119747
98 0.00325552
99 -0.0210281
100 -0.299374

