0 -0.0971892
1 0.0426442
2 -0.0151703
3 0.0259145
4 0.203961
5 0.197689
6 0.292634
7 0.0541297
8 -0.235651
9 -0.142255
10 -0.184929
11 -0.249102
12 -0.252126
13 -0.200898
14 -0.103824
15 -0.150991
16 0.0649765
17 0.383018
18 0.441325
19 0.577012
20 0.593567
21 0.513501
22 0.769533
23 0.954309
24 0.955722
25 0.932646
26 0.937734
27 0.961666
28 0.963304
29 0.776913
30 1.03282
31 1.11315
32 1.12958
33 0.994237
34 1.05283
35 0.735396
36 0.951894
37 0.997784
38 1.0935
39 1.04299
40 1.03976
41 1.10433
42 1.06296
43 0.969753
44 0.679407
45 0.917876
46 1.01274
47 1.018
48 1.19561
49 1.15385
50 1.09646
51 0.958639
52 1.0159
53 0.973814
54 0.796472
55 0.802186
56 0.707145
57 0.945331
58 1.23563
59 1.14229
60 1.18382
61 1.24887
62 1.25208
63 1.2011
64 1.10521
65 1.15117
66 0.934786
67 0.617707
68 0.559353
69 0.423678
70 0.406742
71 0.487057
72 0.23131
73 0.0452501
74 0.0438436
75 0.0680095
76 0.0622652
77 0.0389876
78 0.0371318
79 0.222644
80 -0.0336669
81 -0.112589
82 -0.129886
83 0.00645257
84 -0.0535035
85 0.265327
86 0.0483431
87 0.0023983
88 -0.0948772
89 -0.0427872
90 -0.0397208
91 -0.104561
92 -0.0618549
93 0.0302853
94 0.320619
95 0.0815844
96 -0.0125215
97 -0.0181191
98 -0.196045
99 -0.154125
100 -0.0971892

