0 -0.189712
1 0.0174188
2 0.122927
3 0.141736
4 0.198118
5 -0.0109678
6 -0.119144
7 -0.0720692
8 -0.0340567
9 -0.0839451
10 -0.24603
11 -0.0746914
12 0.192691
13 0.139642
14 0.230785
15 0.233773
16 0.0531559
17 -0.0454392
18 -0.0806477
19 -0.230373
20 -0.110266
21 -0.251482
22 -0.241509
23 -0.383462
24 -0.158457
25 0.0510309
26 0.368819
27 0.159156
28 0.38494
29 0.527709
30 0.536996
31 0.677725
32 0.796721
33 0.946565
34 0.912728
35 1.01104
36 0.830077
37 0.827692
38 0.918764
39 0.970451
40 1.23773
41 1.06676
42 0.904683
43 0.955815
44 0.99415
45 0.946538
46 0.837898
47 1.04591
48 1.10212
49 1.08411
50 1.19002
51 0.98253
52 0.876768
53 0.858971
54 0.802435
55 1.01012
56 1.11903
57 1.0717
58 1.03331
59 1.08442
60 1.24631
61 1.0751
62 0.807956
63 0.860179
64 0.768989
65 0.766438
66 0.947031
67 1.04558
68 1.07911
69 1.22981
70 1.11044
71 1.25159
72 1.24103
73 1.38472
74 1.15806
75 0.94973
76 0.631184
77 0.841604
78 0.615451
79 0.473551
80 0.463484
81 0.322383
82 0.203107
83 0.0528758
84 0.0888114
85 -0.0109049
86 0.169737
87 0.172517
88 0.081461
89 0.0293703
90 -0.238378
91 -0.0663559
92 0.0950398
93 0.044656
94 0.00659959
95 0.0530956
96 0.162214
97 -0.0467583
98 -0.102674
99 -0.0834044
100 -0.189712

