0 -0.0716208
1 -0.0482027
2 0.0224256
3 0.0630351
4 0.144046
5 0.0471102
6 0.0630505
7 -0.0724645
8 -0.277504
9 -0.151947
10 0.190624
11 0.0331249
12 0.117752
13 0.0238881
14 0.119017
15 0.0080384
16 0.0363113
17 -0.192939
18 -0.123144
19 -0.213806
20 -0.0673316
21 0.0929665
22 0.0783383
23 0.319372
24 0.217772
25 0.030579
26 -0.075683
27 0.110852
28 0.00898417
29 -0.231555
30 -0.245814
31 -0.405712
32 -0.258536
33 -0.168419
34 -0.100156
35 0.130128
36 0.159678
37 0.270314
38 0.365593
39 0.45913
40 0.543179
41 0.700533
42 1.0429
43 0.917521
44 0.713013
45 0.849038
46 0.864623
47 0.961092
48 1.04191
49 1.00007
50 1.07075
51 1.04934
52 0.978443
53 0.936515
54 0.855879
55 0.952747
56 0.936631
57 1.0727
58 1.27696
59 1.15217
60 0.809309
61 0.967507
62 0.882407
63 0.976542
64 0.880375
65 0.992454
66 0.961932
67 1.19297
68 1.1238
69 1.21425
70 1.0669
71 0.907237
72 0.92217
73 0.680744
74 0.783015
75 0.968723
76 1.07568
77 0.888452
78 0.990232
79 1.23167
80 1.2453
81 1.40592
82 1.25897
83 1.16887
84 1.0995
85 0.869901
86 0.842079
87 0.73018
88 0.635013
89 0.5413
90 0.456664
91 0.300098
92 -0.0428336
93 0.0827043
94 0.287536
95 0.151196
96 0.135695
97 0.0387615
98 -0.0418379
99 -0.000516512
100 -0.0716208

